110 200 144 86 60
156 263 171 139 113
119 212 112 120 94
92 135 83 92 115
51 105 57 47 28
====================
80 71 53 65 60
45 36 64 113 135
67 58 49 76 75
57 51 109 98 160
25 34 60 17 70
====================
299 142 190 154 176
210 80 158 144 157
174 104 171 89 159
237 93 137 102 150
178 74 140 128 127
====================
67 104 112 94 123
130 182 184 170 254
121 123 177 122 210
71 79 91 96 166
54 121 110 94 90
====================
125 140 258 198 212
98 117 191 148 168
126 107 228 183 174
174 85 163 132 177
105 62 143 122 131
====================
